bin_name,slice,cluster_id,sct_ncount
bin-17,56,32,32
bin-18,56,5,5
bin-19,56,26,26
bin-20,56,7,7
bin-21,56,2,2
bin-22,56,2,2
bin-23,56,2,2
bin-24,56,2,2
bin-25,56,2,2
bin-26,56,5,5
bin-27,56,2,2
bin-28,56,2,2
bin-29,56,7,7
bin-61,56,21,21
bin-62,56,2,2
bin-63,56,8,8
bin-64,56,5,5
bin-65,56,2,2
bin-66,56,2,2
bin-67,56,2,2
bin-68,56,2,2
bin-69,56,2,2
bin-70,56,2,2
bin-71,56,2,2
bin-72,56,2,2
bin-73,56,2,2
bin-74,56,2,2
bin-75,56,2,2
bin-76,56,7,7
bin-77,56,2,2
bin-105,56,5,5
bin-106,56,7,7
bin-107,56,5,5
bin-108,56,2,2
bin-109,56,5,5
bin-110,56,23,23
bin-111,56,0,0
bin-112,56,2,2
bin-113,56,2,2
bin-114,56,2,2
bin-115,56,2,2
bin-116,56,2,2
bin-117,56,2,2
bin-118,56,2,2
bin-119,56,2,2
bin-120,56,2,2
bin-121,56,2,2
bin-122,56,2,2
bin-123,56,2,2
bin-124,56,30,30
bin-125,56,8,8
bin-149,56,28,28
bin-150,56,5,5
bin-151,56,2,2
bin-152,56,5,5
bin-153,56,2,2
bin-154,56,0,0
bin-155,56,2,2
bin-156,56,2,2
bin-157,56,2,2
bin-158,56,40,40
bin-159,56,0,0
bin-160,56,0,0
bin-161,56,0,0
bin-162,56,0,0
bin-163,56,0,0
bin-164,56,2,2
bin-165,56,2,2
bin-166,56,2,2
bin-167,56,2,2
bin-168,56,2,2
bin-169,56,2,2
bin-170,56,14,14
bin-171,56,37,37
bin-194,56,5,5
bin-195,56,5,5
bin-196,56,2,2
bin-197,56,2,2
bin-198,56,2,2
bin-199,56,5,5
bin-200,56,0,0
bin-201,56,2,2
bin-202,56,0,0
bin-203,56,0,0
bin-204,56,24,24
bin-205,56,0,0
bin-206,56,0,0
bin-207,56,0,0
bin-208,56,0,0
bin-209,56,0,0
bin-210,56,2,2
bin-211,56,0,0
bin-212,56,2,2
bin-213,56,2,2
bin-214,56,2,2
bin-215,56,2,2
bin-216,56,2,2
bin-217,56,5,5
bin-218,56,5,5
bin-238,56,21,21
bin-239,56,23,23
bin-240,56,2,2
bin-241,56,2,2
bin-242,56,2,2
bin-243,56,0,0
bin-244,56,2,2
bin-245,56,6,6
bin-246,56,0,0
bin-247,56,0,0
bin-248,56,0,0
bin-249,56,0,0
bin-250,56,0,0
bin-251,56,0,0
bin-252,56,0,0
bin-253,56,0,0
bin-254,56,0,0
bin-255,56,1,1
bin-256,56,0,0
bin-257,56,0,0
bin-258,56,0,0
bin-259,56,2,2
bin-260,56,2,2
bin-261,56,2,2
bin-262,56,2,2
bin-263,56,3,3
bin-264,56,21,21
bin-266,56,6,6
bin-267,56,5,5
bin-268,56,7,7
bin-269,56,7,7
bin-270,56,5,5
bin-271,56,5,5
bin-283,56,5,5
bin-284,56,7,7
bin-285,56,13,13
bin-286,56,26,26
bin-287,56,2,2
bin-288,56,2,2
bin-289,56,2,2
bin-290,56,2,2
bin-291,56,0,0
bin-292,56,0,0
bin-293,56,9,9
bin-294,56,0,0
bin-295,56,0,0
bin-296,56,0,0
bin-297,56,12,12
bin-298,56,0,0
bin-299,56,0,0
bin-300,56,12,12
bin-301,56,0,0
bin-302,56,0,0
bin-303,56,0,0
bin-304,56,0,0
bin-305,56,0,0
bin-306,56,2,2
bin-307,56,2,2
bin-308,56,2,2
bin-309,56,2,2
bin-310,56,28,28
bin-311,56,5,5
bin-312,56,5,5
bin-313,56,2,2
bin-314,56,3,3
bin-315,56,3,3
bin-316,56,3,3
bin-317,56,5,5
bin-328,56,5,5
bin-329,56,5,5
bin-330,56,2,2
bin-331,56,7,7
bin-332,56,2,2
bin-333,56,2,2
bin-334,56,2,2
bin-335,56,0,0
bin-336,56,0,0
bin-337,56,0,0
bin-338,56,0,0
bin-339,56,29,29
bin-340,56,0,0
bin-341,56,0,0
bin-342,56,0,0
bin-343,56,0,0
bin-344,56,0,0
bin-345,56,0,0
bin-346,56,0,0
bin-347,56,0,0
bin-348,56,0,0
bin-349,56,2,2
bin-350,56,0,0
bin-351,56,0,0
bin-352,56,2,2
bin-353,56,2,2
bin-354,56,2,2
bin-355,56,2,2
bin-356,56,3,3
bin-357,56,7,7
bin-358,56,3,3
bin-359,56,3,3
bin-360,56,3,3
bin-361,56,3,3
bin-362,56,3,3
bin-363,56,5,5
bin-364,56,5,5
bin-373,56,15,15
bin-374,56,6,6
bin-375,56,0,0
bin-376,56,22,22
bin-377,56,2,2
bin-378,56,2,2
bin-379,56,0,0
bin-380,56,0,0
bin-381,56,0,0
bin-382,56,0,0
bin-383,56,0,0
bin-384,56,25,25
bin-385,56,0,0
bin-386,56,0,0
bin-387,56,0,0
bin-388,56,0,0
bin-389,56,0,0
bin-390,56,8,8
bin-391,56,0,0
bin-392,56,0,0
bin-393,56,0,0
bin-394,56,0,0
bin-395,56,0,0
bin-396,56,0,0
bin-397,56,0,0
bin-398,56,2,2
bin-399,56,2,2
bin-400,56,2,2
bin-401,56,2,2
bin-402,56,3,3
bin-403,56,2,2
bin-404,56,3,3
bin-405,56,3,3
bin-406,56,3,3
bin-407,56,3,3
bin-408,56,3,3
bin-409,56,3,3
bin-410,56,5,5
bin-419,56,5,5
bin-420,56,2,2
bin-421,56,2,2
bin-422,56,2,2
bin-423,56,2,2
bin-424,56,0,0
bin-425,56,0,0
bin-426,56,0,0
bin-427,56,0,0
bin-428,56,0,0
bin-429,56,0,0
bin-430,56,0,0
bin-431,56,0,0
bin-432,56,0,0
bin-433,56,0,0
bin-434,56,33,33
bin-435,56,0,0
bin-436,56,0,0
bin-437,56,0,0
bin-438,56,0,0
bin-439,56,0,0
bin-440,56,0,0
bin-441,56,0,0
bin-442,56,0,0
bin-443,56,0,0
bin-444,56,0,0
bin-445,56,0,0
bin-446,56,2,2
bin-447,56,2,2
bin-448,56,2,2
bin-449,56,3,3
bin-450,56,3,3
bin-451,56,3,3
bin-452,56,3,3
bin-453,56,3,3
bin-454,56,3,3
bin-455,56,3,3
bin-456,56,3,3
bin-464,56,19,19
bin-465,56,2,2
bin-466,56,2,2
bin-467,56,24,24
bin-468,56,2,2
bin-469,56,2,2
bin-470,56,0,0
bin-471,56,0,0
bin-472,56,0,0
bin-473,56,0,0
bin-474,56,13,13
bin-475,56,0,0
bin-476,56,0,0
bin-477,56,0,0
bin-478,56,0,0
bin-479,56,0,0
bin-480,56,0,0
bin-481,56,0,0
bin-482,56,0,0
bin-483,56,0,0
bin-484,56,0,0
bin-485,56,0,0
bin-486,56,0,0
bin-487,56,0,0
bin-488,56,0,0
bin-489,56,0,0
bin-490,56,2,2
bin-491,56,2,2
bin-492,56,2,2
bin-493,56,2,2
bin-494,56,3,3
bin-495,56,3,3
bin-496,56,3,3
bin-497,56,3,3
bin-498,56,3,3
bin-499,56,3,3
bin-500,56,3,3
bin-501,56,5,5
bin-502,56,13,13
bin-509,56,5,5
bin-510,56,2,2
bin-511,56,2,2
bin-512,56,2,2
bin-513,56,22,22
bin-514,56,0,0
bin-515,56,0,0
bin-516,56,0,0
bin-517,56,0,0
bin-518,56,0,0
bin-519,56,0,0
bin-520,56,0,0
bin-521,56,0,0
bin-522,56,0,0
bin-523,56,1,1
bin-524,56,0,0
bin-525,56,26,26
bin-526,56,0,0
bin-527,56,0,0
bin-528,56,0,0
bin-529,56,8,8
bin-530,56,0,0
bin-531,56,28,28
bin-532,56,0,0
bin-533,56,0,0
bin-534,56,0,0
bin-535,56,0,0
bin-536,56,0,0
bin-537,56,1,1
bin-538,56,2,2
bin-539,56,2,2
bin-540,56,3,3
bin-541,56,3,3
bin-542,56,3,3
bin-543,56,3,3
bin-544,56,3,3
bin-545,56,3,3
bin-546,56,3,3
bin-547,56,5,5
bin-554,56,5,5
bin-555,56,6,6
bin-556,56,2,2
bin-557,56,22,22
bin-558,56,2,2
bin-559,56,0,0
bin-560,56,0,0
bin-561,56,0,0
bin-562,56,0,0
bin-563,56,0,0
bin-564,56,0,0
bin-565,56,0,0
bin-566,56,0,0
bin-567,56,0,0
bin-568,56,0,0
bin-569,56,0,0
bin-570,56,0,0
bin-571,56,0,0
bin-572,56,35,35
bin-573,56,0,0
bin-574,56,0,0
bin-575,56,0,0
bin-576,56,0,0
bin-577,56,0,0
bin-578,56,0,0
bin-579,56,0,0
bin-580,56,0,0
bin-581,56,0,0
bin-582,56,0,0
bin-583,56,2,2
bin-584,56,3,3
bin-585,56,2,2
bin-586,56,3,3
bin-587,56,3,3
bin-588,56,3,3
bin-589,56,3,3
bin-590,56,3,3
bin-591,56,3,3
bin-592,56,3,3
bin-593,56,3,3
bin-599,56,5,5
bin-600,56,14,14
bin-601,56,6,6
bin-602,56,2,2
bin-603,56,0,0
bin-604,56,0,0
bin-605,56,0,0
bin-606,56,0,0
bin-607,56,0,0
bin-608,56,0,0
bin-609,56,0,0
bin-610,56,0,0
bin-611,56,0,0
bin-612,56,0,0
bin-613,56,9,9
bin-614,56,0,0
bin-615,56,4,4
bin-616,56,0,0
bin-617,56,0,0
bin-618,56,4,4
bin-619,56,12,12
bin-620,56,0,0
bin-621,56,20,20
bin-622,56,0,0
bin-623,56,0,0
bin-624,56,0,0
bin-625,56,0,0
bin-626,56,0,0
bin-627,56,0,0
bin-628,56,0,0
bin-629,56,2,2
bin-630,56,3,3
bin-631,56,3,3
bin-632,56,3,3
bin-633,56,3,3
bin-634,56,3,3
bin-635,56,3,3
bin-636,56,3,3
bin-637,56,3,3
bin-638,56,3,3
bin-639,56,3,3
bin-644,56,5,5
bin-645,56,26,26
bin-646,56,5,5
bin-647,56,2,2
bin-648,56,0,0
bin-649,56,6,6
bin-650,56,0,0
bin-651,56,0,0
bin-652,56,0,0
bin-653,56,0,0
bin-654,56,13,13
bin-655,56,0,0
bin-656,56,0,0
bin-657,56,8,8
bin-658,56,0,0
bin-659,56,4,4
bin-660,56,26,26
bin-661,56,0,0
bin-662,56,0,0
bin-663,56,9,9
bin-664,56,41,41
bin-665,56,8,8
bin-666,56,0,0
bin-667,56,22,22
bin-668,56,0,0
bin-669,56,26,26
bin-670,56,0,0
bin-671,56,0,0
bin-672,56,20,20
bin-673,56,0,0
bin-674,56,34,34
bin-675,56,27,27
bin-676,56,0,0
bin-677,56,3,3
bin-678,56,3,3
bin-679,56,3,3
bin-680,56,3,3
bin-681,56,3,3
bin-682,56,3,3
bin-683,56,3,3
bin-684,56,3,3
bin-685,56,20,20
bin-690,56,5,5
bin-691,56,2,2
bin-692,56,2,2
bin-693,56,2,2
bin-694,56,0,0
bin-695,56,0,0
bin-696,56,0,0
bin-697,56,0,0
bin-698,56,0,0
bin-699,56,0,0
bin-700,56,0,0
bin-701,56,0,0
bin-702,56,0,0
bin-703,56,0,0
bin-704,56,0,0
bin-705,56,0,0
bin-706,56,0,0
bin-707,56,0,0
bin-708,56,0,0
bin-709,56,0,0
bin-710,56,0,0
bin-711,56,12,12
bin-712,56,0,0
bin-713,56,0,0
bin-714,56,0,0
bin-715,56,0,0
bin-716,56,0,0
bin-717,56,0,0
bin-718,56,0,0
bin-719,56,0,0
bin-720,56,2,2
bin-721,56,2,2
bin-722,56,2,2
bin-723,56,3,3
bin-724,56,3,3
bin-725,56,3,3
bin-726,56,3,3
bin-727,56,3,3
bin-728,56,3,3
bin-729,56,3,3
bin-730,56,3,3
bin-731,56,3,3
bin-736,56,5,5
bin-737,56,5,5
bin-738,56,2,2
bin-739,56,0,0
bin-740,56,0,0
bin-741,56,0,0
bin-742,56,0,0
bin-743,56,0,0
bin-744,56,0,0
bin-745,56,0,0
bin-746,56,0,0
bin-747,56,0,0
bin-748,56,0,0
bin-749,56,0,0
bin-750,56,0,0
bin-751,56,0,0
bin-752,56,0,0
bin-753,56,0,0
bin-754,56,0,0
bin-755,56,0,0
bin-756,56,0,0
bin-757,56,0,0
bin-758,56,0,0
bin-759,56,1,1
bin-760,56,4,4
bin-761,56,0,0
bin-762,56,0,0
bin-763,56,0,0
bin-764,56,0,0
bin-765,56,0,0
bin-766,56,0,0
bin-767,56,2,2
bin-768,56,3,3
bin-769,56,3,3
bin-770,56,3,3
bin-771,56,3,3
bin-772,56,3,3
bin-773,56,3,3
bin-774,56,3,3
bin-775,56,3,3
bin-776,56,3,3
bin-777,56,12,12
bin-782,56,21,21
bin-783,56,24,24
bin-784,56,2,2
bin-785,56,0,0
bin-786,56,0,0
bin-787,56,0,0
bin-788,56,0,0
bin-789,56,0,0
bin-790,56,0,0
bin-791,56,0,0
bin-792,56,0,0
bin-793,56,0,0
bin-794,56,11,11
bin-795,56,0,0
bin-796,56,0,0
bin-797,56,0,0
bin-798,56,0,0
bin-799,56,0,0
bin-800,56,0,0
bin-801,56,0,0
bin-802,56,0,0
bin-803,56,21,21
bin-804,56,0,0
bin-805,56,4,4
bin-806,56,0,0
bin-807,56,0,0
bin-808,56,0,0
bin-809,56,0,0
bin-810,56,0,0
bin-811,56,0,0
bin-812,56,0,0
bin-813,56,0,0
bin-814,56,2,2
bin-815,56,3,3
bin-816,56,3,3
bin-817,56,3,3
bin-818,56,3,3
bin-819,56,3,3
bin-820,56,3,3
bin-821,56,3,3
bin-822,56,5,5
bin-828,56,5,5
bin-829,56,2,2
bin-830,56,2,2
bin-831,56,0,0
bin-832,56,0,0
bin-833,56,14,14
bin-834,56,0,0
bin-835,56,0,0
bin-836,56,0,0
bin-837,56,0,0
bin-838,56,4,4
bin-839,56,0,0
bin-840,56,0,0
bin-841,56,0,0
bin-842,56,0,0
bin-843,56,9,9
bin-844,56,0,0
bin-845,56,0,0
bin-846,56,14,14
bin-847,56,0,0
bin-848,56,0,0
bin-849,56,0,0
bin-850,56,0,0
bin-851,56,4,4
bin-852,56,0,0
bin-853,56,2,2
bin-854,56,14,14
bin-855,56,4,4
bin-856,56,23,23
bin-857,56,0,0
bin-858,56,2,2
bin-859,56,2,2
bin-860,56,3,3
bin-861,56,3,3
bin-862,56,3,3
bin-863,56,3,3
bin-864,56,3,3
bin-865,56,3,3
bin-866,56,3,3
bin-867,56,3,3
bin-868,56,5,5
bin-874,56,19,19
bin-875,56,2,2
bin-876,56,2,2
bin-877,56,0,0
bin-878,56,0,0
bin-879,56,0,0
bin-880,56,0,0
bin-881,56,0,0
bin-882,56,0,0
bin-883,56,0,0
bin-884,56,0,0
bin-885,56,0,0
bin-886,56,0,0
bin-887,56,0,0
bin-888,56,0,0
bin-889,56,0,0
bin-890,56,0,0
bin-891,56,0,0
bin-892,56,0,0
bin-893,56,0,0
bin-894,56,0,0
bin-895,56,0,0
bin-896,56,0,0
bin-897,56,4,4
bin-898,56,4,4
bin-899,56,0,0
bin-900,56,0,0
bin-901,56,0,0
bin-902,56,0,0
bin-903,56,0,0
bin-904,56,0,0
bin-905,56,2,2
bin-906,56,5,5
bin-907,56,3,3
bin-908,56,3,3
bin-909,56,3,3
bin-910,56,3,3
bin-911,56,3,3
bin-912,56,3,3
bin-913,56,3,3
bin-914,56,1,1
bin-920,56,7,7
bin-921,56,2,2
bin-922,56,2,2
bin-923,56,0,0
bin-924,56,0,0
bin-925,56,0,0
bin-926,56,0,0
bin-927,56,0,0
bin-928,56,0,0
bin-929,56,0,0
bin-930,56,0,0
bin-931,56,0,0
bin-932,56,25,25
bin-933,56,0,0
bin-934,56,0,0
bin-935,56,0,0
bin-936,56,0,0
bin-937,56,0,0
bin-938,56,0,0
bin-939,56,0,0
bin-940,56,0,0
bin-941,56,0,0
bin-942,56,0,0
bin-943,56,0,0
bin-944,56,0,0
bin-945,56,16,16
bin-946,56,2,2
bin-947,56,0,0
bin-948,56,0,0
bin-949,56,0,0
bin-950,56,2,2
bin-951,56,2,2
bin-952,56,5,5
bin-953,56,3,3
bin-954,56,3,3
bin-955,56,3,3
bin-956,56,3,3
bin-957,56,3,3
bin-958,56,3,3
bin-959,56,3,3
bin-960,56,5,5
bin-966,56,5,5
bin-967,56,21,21
bin-968,56,2,2
bin-969,56,2,2
bin-970,56,0,0
bin-971,56,0,0
bin-972,56,2,2
bin-973,56,0,0
bin-974,56,0,0
bin-975,56,8,8
bin-976,56,0,0
bin-977,56,0,0
bin-978,56,0,0
bin-979,56,0,0
bin-980,56,0,0
bin-981,56,0,0
bin-982,56,0,0
bin-983,56,0,0
bin-984,56,12,12
bin-985,56,0,0
bin-986,56,0,0
bin-987,56,8,8
bin-988,56,0,0
bin-989,56,0,0
bin-990,56,0,0
bin-991,56,6,6
bin-992,56,16,16
bin-993,56,0,0
bin-994,56,2,2
bin-995,56,0,0
bin-996,56,0,0
bin-997,56,21,21
bin-998,56,7,7
bin-999,56,2,2
bin-1000,56,3,3
bin-1001,56,3,3
bin-1002,56,3,3
bin-1003,56,3,3
bin-1004,56,3,3
bin-1005,56,29,29
bin-1012,56,21,21
bin-1013,56,23,23
bin-1014,56,2,2
bin-1015,56,0,0
bin-1016,56,0,0
bin-1017,56,0,0
bin-1018,56,0,0
bin-1019,56,0,0
bin-1020,56,0,0
bin-1021,56,0,0
bin-1022,56,0,0
bin-1023,56,0,0
bin-1024,56,0,0
bin-1025,56,0,0
bin-1026,56,0,0
bin-1027,56,4,4
bin-1028,56,0,0
bin-1029,56,0,0
bin-1030,56,0,0
bin-1031,56,0,0
bin-1032,56,0,0
bin-1033,56,1,1
bin-1034,56,0,0
bin-1035,56,0,0
bin-1036,56,0,0
bin-1037,56,0,0
bin-1038,56,0,0
bin-1039,56,0,0
bin-1040,56,0,0
bin-1041,56,0,0
bin-1042,56,2,2
bin-1043,56,2,2
bin-1044,56,15,15
bin-1045,56,5,5
bin-1046,56,3,3
bin-1047,56,3,3
bin-1048,56,3,3
bin-1049,56,3,3
bin-1050,56,3,3
bin-1051,56,11,11
bin-1058,56,5,5
bin-1059,56,8,8
bin-1060,56,2,2
bin-1061,56,2,2
bin-1062,56,2,2
bin-1063,56,0,0
bin-1064,56,6,6
bin-1065,56,0,0
bin-1066,56,0,0
bin-1067,56,0,0
bin-1068,56,0,0
bin-1069,56,13,13
bin-1070,56,4,4
bin-1071,56,0,0
bin-1072,56,0,0
bin-1073,56,0,0
bin-1074,56,0,0
bin-1075,56,0,0
bin-1076,56,0,0
bin-1077,56,0,0
bin-1078,56,19,19
bin-1079,56,0,0
bin-1080,56,0,0
bin-1081,56,0,0
bin-1082,56,0,0
bin-1083,56,13,13
bin-1084,56,0,0
bin-1085,56,0,0
bin-1086,56,2,2
bin-1087,56,0,0
bin-1088,56,2,2
bin-1089,56,3,3
bin-1090,56,5,5
bin-1092,56,5,5
bin-1093,56,1,1
bin-1094,56,5,5
bin-1095,56,5,5
bin-1096,56,5,5
bin-1097,56,5,5
bin-1105,56,5,5
bin-1106,56,2,2
bin-1107,56,2,2
bin-1108,56,0,0
bin-1109,56,0,0
bin-1110,56,0,0
bin-1111,56,0,0
bin-1112,56,0,0
bin-1113,56,0,0
bin-1114,56,0,0
bin-1115,56,0,0
bin-1116,56,0,0
bin-1117,56,0,0
bin-1118,56,0,0
bin-1119,56,0,0
bin-1120,56,0,0
bin-1121,56,0,0
bin-1122,56,0,0
bin-1123,56,0,0
bin-1124,56,0,0
bin-1125,56,0,0
bin-1126,56,0,0
bin-1127,56,0,0
bin-1128,56,0,0
bin-1129,56,0,0
bin-1130,56,0,0
bin-1131,56,0,0
bin-1132,56,0,0
bin-1133,56,0,0
bin-1134,56,2,2
bin-1135,56,2,2
bin-1136,56,11,11
bin-1151,56,39,39
bin-1152,56,2,2
bin-1153,56,2,2
bin-1154,56,0,0
bin-1155,56,0,0
bin-1156,56,16,16
bin-1157,56,0,0
bin-1158,56,0,0
bin-1159,56,0,0
bin-1160,56,0,0
bin-1161,56,0,0
bin-1162,56,0,0
bin-1163,56,0,0
bin-1164,56,0,0
bin-1165,56,0,0
bin-1166,56,0,0
bin-1167,56,0,0
bin-1168,56,0,0
bin-1169,56,0,0
bin-1170,56,0,0
bin-1171,56,0,0
bin-1172,56,0,0
bin-1173,56,0,0
bin-1174,56,0,0
bin-1175,56,0,0
bin-1176,56,0,0
bin-1177,56,0,0
bin-1178,56,0,0
bin-1179,56,2,2
bin-1180,56,2,2
bin-1181,56,6,6
bin-1182,56,5,5
bin-1197,56,0,0
bin-1198,56,37,37
bin-1199,56,2,2
bin-1200,56,2,2
bin-1201,56,0,0
bin-1202,56,0,0
bin-1203,56,0,0
bin-1204,56,0,0
bin-1205,56,0,0
bin-1206,56,0,0
bin-1207,56,0,0
bin-1208,56,0,0
bin-1209,56,0,0
bin-1210,56,17,17
bin-1211,56,0,0
bin-1212,56,32,32
bin-1213,56,0,0
bin-1214,56,0,0
bin-1215,56,0,0
bin-1216,56,0,0
bin-1217,56,0,0
bin-1218,56,0,0
bin-1219,56,0,0
bin-1220,56,0,0
bin-1221,56,0,0
bin-1222,56,0,0
bin-1223,56,0,0
bin-1224,56,0,0
bin-1225,56,2,2
bin-1226,56,2,2
bin-1227,56,1,1
bin-1228,56,2,2
bin-1243,56,7,7
bin-1244,56,17,17
bin-1245,56,20,20
bin-1246,56,2,2
bin-1247,56,2,2
bin-1248,56,0,0
bin-1249,56,0,0
bin-1250,56,31,31
bin-1251,56,0,0
bin-1252,56,0,0
bin-1253,56,0,0
bin-1254,56,0,0
bin-1255,56,0,0
bin-1256,56,10,10
bin-1257,56,0,0
bin-1258,56,0,0
bin-1259,56,0,0
bin-1260,56,0,0
bin-1261,56,0,0
bin-1262,56,0,0
bin-1263,56,0,0
bin-1264,56,0,0
bin-1265,56,0,0
bin-1266,56,0,0
bin-1267,56,0,0
bin-1268,56,0,0
bin-1269,56,0,0
bin-1270,56,0,0
bin-1271,56,2,2
bin-1272,56,1,1
bin-1273,56,5,5
bin-1274,56,21,21
bin-1290,56,5,5
bin-1291,56,18,18
bin-1292,56,2,2
bin-1293,56,2,2
bin-1294,56,0,0
bin-1295,56,0,0
bin-1296,56,2,2
bin-1297,56,0,0
bin-1298,56,0,0
bin-1299,56,0,0
bin-1300,56,0,0
bin-1301,56,0,0
bin-1302,56,0,0
bin-1303,56,0,0
bin-1304,56,0,0
bin-1305,56,0,0
bin-1306,56,0,0
bin-1307,56,0,0
bin-1308,56,21,21
bin-1309,56,0,0
bin-1310,56,0,0
bin-1311,56,0,0
bin-1312,56,0,0
bin-1313,56,0,0
bin-1314,56,0,0
bin-1315,56,0,0
bin-1316,56,0,0
bin-1317,56,2,2
bin-1318,56,1,1
bin-1319,56,5,5
bin-1329,56,5,5
bin-1330,56,5,5
bin-1331,56,29,29
bin-1332,56,5,5
bin-1337,56,17,17
bin-1338,56,2,2
bin-1339,56,2,2
bin-1340,56,2,2
bin-1341,56,0,0
bin-1342,56,0,0
bin-1343,56,0,0
bin-1344,56,0,0
bin-1345,56,0,0
bin-1346,56,0,0
bin-1347,56,0,0
bin-1348,56,4,4
bin-1349,56,0,0
bin-1350,56,0,0
bin-1351,56,0,0
bin-1352,56,0,0
bin-1353,56,0,0
bin-1354,56,0,0
bin-1355,56,0,0
bin-1356,56,0,0
bin-1357,56,0,0
bin-1358,56,0,0
bin-1359,56,0,0
bin-1360,56,2,2
bin-1361,56,2,2
bin-1362,56,2,2
bin-1363,56,0,0
bin-1364,56,13,13
bin-1365,56,5,5
bin-1374,56,5,5
bin-1375,56,1,1
bin-1376,56,1,1
bin-1377,56,5,5
bin-1378,56,5,5
bin-1384,56,0,0
bin-1385,56,17,17
bin-1386,56,2,2
bin-1387,56,2,2
bin-1388,56,0,0
bin-1389,56,0,0
bin-1390,56,0,0
bin-1391,56,0,0
bin-1392,56,0,0
bin-1393,56,0,0
bin-1394,56,6,6
bin-1395,56,4,4
bin-1396,56,0,0
bin-1397,56,1,1
bin-1398,56,0,0
bin-1399,56,0,0
bin-1400,56,0,0
bin-1401,56,0,0
bin-1402,56,0,0
bin-1403,56,0,0
bin-1404,56,0,0
bin-1405,56,2,2
bin-1406,56,2,2
bin-1407,56,2,2
bin-1408,56,5,5
bin-1409,56,1,1
bin-1410,56,16,16
bin-1419,56,11,11
bin-1420,56,1,1
bin-1421,56,1,1
bin-1422,56,5,5
bin-1423,56,5,5
bin-1424,56,1,1
bin-1425,56,25,25
bin-1430,56,5,5
bin-1431,56,5,5
bin-1432,56,7,7
bin-1433,56,2,2
bin-1434,56,2,2
bin-1435,56,2,2
bin-1436,56,0,0
bin-1437,56,0,0
bin-1438,56,0,0
bin-1439,56,0,0
bin-1440,56,20,20
bin-1441,56,0,0
bin-1442,56,0,0
bin-1443,56,0,0
bin-1444,56,0,0
bin-1445,56,0,0
bin-1446,56,18,18
bin-1447,56,0,0
bin-1448,56,0,0
bin-1449,56,2,2
bin-1450,56,2,2
bin-1451,56,2,2
bin-1452,56,2,2
bin-1453,56,2,2
bin-1454,56,7,7
bin-1455,56,29,29
bin-1463,56,19,19
bin-1464,56,34,34
bin-1465,56,12,12
bin-1466,56,1,1
bin-1467,56,1,1
bin-1468,56,4,4
bin-1469,56,1,1
bin-1470,56,1,1
bin-1471,56,1,1
bin-1478,56,5,5
bin-1479,56,5,5
bin-1480,56,2,2
bin-1481,56,2,2
bin-1482,56,2,2
bin-1483,56,0,0
bin-1484,56,30,30
bin-1485,56,2,2
bin-1486,56,0,0
bin-1487,56,0,0
bin-1488,56,0,0
bin-1489,56,0,0
bin-1490,56,0,0
bin-1491,56,0,0
bin-1492,56,0,0
bin-1493,56,2,2
bin-1494,56,2,2
bin-1495,56,2,2
bin-1496,56,2,2
bin-1497,56,2,2
bin-1498,56,2,2
bin-1499,56,5,5
bin-1500,56,25,25
bin-1501,56,25,25
bin-1502,56,5,5
bin-1503,56,5,5
bin-1504,56,5,5
bin-1505,56,6,6
bin-1506,56,23,23
bin-1507,56,5,5
bin-1508,56,24,24
bin-1509,56,1,1
bin-1510,56,1,1
bin-1511,56,1,1
bin-1512,56,1,1
bin-1513,56,1,1
bin-1514,56,1,1
bin-1515,56,1,1
bin-1516,56,1,1
bin-1517,56,1,1
bin-1525,56,7,7
bin-1526,56,5,5
bin-1527,56,21,21
bin-1528,56,5,5
bin-1529,56,2,2
bin-1530,56,15,15
bin-1531,56,2,2
bin-1532,56,0,0
bin-1533,56,0,0
bin-1534,56,0,0
bin-1535,56,2,2
bin-1536,56,0,0
bin-1537,56,2,2
bin-1538,56,2,2
bin-1539,56,2,2
bin-1540,56,2,2
bin-1541,56,2,2
bin-1542,56,1,1
bin-1543,56,5,5
bin-1544,56,1,1
bin-1545,56,1,1
bin-1546,56,5,5
bin-1547,56,9,9
bin-1548,56,1,1
bin-1549,56,29,29
bin-1550,56,1,1
bin-1551,56,1,1
bin-1552,56,5,5
bin-1553,56,1,1
bin-1554,56,1,1
bin-1555,56,1,1
bin-1556,56,1,1
bin-1557,56,1,1
bin-1558,56,1,1
bin-1559,56,1,1
bin-1560,56,1,1
bin-1561,56,4,4
bin-1562,56,1,1
bin-1563,56,1,1
bin-1573,56,5,5
bin-1574,56,25,25
bin-1575,56,23,23
bin-1576,56,20,20
bin-1577,56,1,1
bin-1578,56,5,5
bin-1579,56,2,2
bin-1580,56,11,11
bin-1581,56,7,7
bin-1582,56,5,5
bin-1583,56,7,7
bin-1584,56,2,2
bin-1585,56,1,1
bin-1586,56,1,1
bin-1587,56,1,1
bin-1588,56,4,4
bin-1589,56,4,4
bin-1590,56,0,0
bin-1591,56,1,1
bin-1592,56,1,1
bin-1593,56,5,5
bin-1594,56,18,18
bin-1595,56,1,1
bin-1596,56,1,1
bin-1597,56,1,1
bin-1598,56,1,1
bin-1599,56,1,1
bin-1600,56,1,1
bin-1601,56,1,1
bin-1602,56,1,1
bin-1603,56,1,1
bin-1604,56,1,1
bin-1605,56,1,1
bin-1606,56,22,22
bin-1607,56,4,4
bin-1608,56,1,1
bin-1609,56,1,1
bin-1622,56,5,5
bin-1623,56,32,32
bin-1624,56,17,17
bin-1625,56,17,17
bin-1626,56,5,5
bin-1627,56,4,4
bin-1628,56,1,1
bin-1629,56,6,6
bin-1630,56,5,5
bin-1631,56,23,23
bin-1632,56,30,30
bin-1633,56,1,1
bin-1634,56,1,1
bin-1635,56,1,1
bin-1636,56,1,1
bin-1637,56,1,1
bin-1638,56,4,4
bin-1639,56,0,0
bin-1640,56,1,1
bin-1641,56,1,1
bin-1642,56,1,1
bin-1643,56,1,1
bin-1644,56,16,16
bin-1645,56,1,1
bin-1646,56,1,1
bin-1647,56,1,1
bin-1648,56,1,1
bin-1649,56,4,4
bin-1650,56,1,1
bin-1651,56,1,1
bin-1652,56,1,1
bin-1653,56,1,1
bin-1654,56,4,4
bin-1655,56,1,1
bin-1667,56,5,5
bin-1668,56,18,18
bin-1669,56,1,1
bin-1670,56,1,1
bin-1671,56,1,1
bin-1672,56,1,1
bin-1673,56,7,7
bin-1674,56,5,5
bin-1675,56,1,1
bin-1676,56,5,5
bin-1677,56,1,1
bin-1678,56,1,1
bin-1679,56,1,1
bin-1680,56,4,4
bin-1681,56,5,5
bin-1682,56,1,1
bin-1683,56,1,1
bin-1684,56,4,4
bin-1685,56,1,1
bin-1686,56,0,0
bin-1687,56,1,1
bin-1688,56,1,1
bin-1689,56,1,1
bin-1690,56,1,1
bin-1691,56,1,1
bin-1692,56,1,1
bin-1693,56,4,4
bin-1694,56,4,4
bin-1695,56,4,4
bin-1696,56,4,4
bin-1697,56,1,1
bin-1698,56,8,8
bin-1699,56,1,1
bin-1700,56,1,1
bin-1701,56,1,1
bin-1713,56,5,5
bin-1714,56,1,1
bin-1715,56,1,1
bin-1716,56,1,1
bin-1717,56,1,1
bin-1718,56,1,1
bin-1719,56,1,1
bin-1720,56,1,1
bin-1721,56,1,1
bin-1722,56,1,1
bin-1723,56,1,1
bin-1724,56,4,4
bin-1725,56,4,4
bin-1726,56,4,4
bin-1727,56,4,4
bin-1728,56,4,4
bin-1729,56,4,4
bin-1730,56,4,4
bin-1731,56,16,16
bin-1732,56,1,1
bin-1733,56,1,1
bin-1734,56,1,1
bin-1735,56,9,9
bin-1736,56,0,0
bin-1737,56,1,1
bin-1738,56,4,4
bin-1739,56,1,1
bin-1740,56,22,22
bin-1741,56,4,4
bin-1742,56,4,4
bin-1743,56,1,1
bin-1744,56,25,25
bin-1745,56,1,1
bin-1746,56,4,4
bin-1747,56,1,1
bin-1759,56,5,5
bin-1760,56,1,1
bin-1761,56,4,4
bin-1762,56,1,1
bin-1763,56,4,4
bin-1764,56,4,4
bin-1765,56,4,4
bin-1766,56,1,1
bin-1767,56,4,4
bin-1768,56,29,29
bin-1769,56,31,31
bin-1770,56,1,1
bin-1771,56,1,1
bin-1772,56,4,4
bin-1773,56,4,4
bin-1774,56,4,4
bin-1775,56,4,4
bin-1776,56,4,4
bin-1777,56,1,1
bin-1778,56,1,1
bin-1779,56,1,1
bin-1780,56,1,1
bin-1781,56,1,1
bin-1782,56,4,4
bin-1783,56,4,4
bin-1784,56,4,4
bin-1785,56,1,1
bin-1786,56,4,4
bin-1787,56,11,11
bin-1788,56,6,6
bin-1789,56,5,5
bin-1790,56,4,4
bin-1791,56,1,1
bin-1792,56,1,1
bin-1793,56,1,1
bin-1805,56,5,5
bin-1806,56,1,1
bin-1807,56,4,4
bin-1808,56,4,4
bin-1809,56,31,31
bin-1810,56,4,4
bin-1811,56,4,4
bin-1812,56,4,4
bin-1813,56,4,4
bin-1814,56,1,1
bin-1815,56,1,1
bin-1816,56,1,1
bin-1817,56,1,1
bin-1818,56,1,1
bin-1819,56,4,4
bin-1820,56,4,4
bin-1821,56,4,4
bin-1822,56,4,4
bin-1823,56,4,4
bin-1824,56,5,5
bin-1825,56,1,1
bin-1826,56,1,1
bin-1827,56,1,1
bin-1828,56,1,1
bin-1829,56,4,4
bin-1830,56,4,4
bin-1831,56,1,1
bin-1832,56,1,1
bin-1833,56,4,4
bin-1834,56,1,1
bin-1835,56,1,1
bin-1836,56,4,4
bin-1837,56,1,1
bin-1838,56,1,1
bin-1839,56,1,1
bin-1851,56,7,7
bin-1852,56,1,1
bin-1853,56,1,1
bin-1854,56,1,1
bin-1855,56,4,4
bin-1856,56,4,4
bin-1857,56,4,4
bin-1858,56,4,4
bin-1859,56,4,4
bin-1860,56,1,1
bin-1861,56,9,9
bin-1862,56,1,1
bin-1863,56,4,4
bin-1864,56,11,11
bin-1865,56,1,1
bin-1866,56,4,4
bin-1867,56,24,24
bin-1868,56,4,4
bin-1869,56,4,4
bin-1870,56,8,8
bin-1871,56,9,9
bin-1872,56,1,1
bin-1873,56,1,1
bin-1874,56,1,1
bin-1875,56,4,4
bin-1876,56,1,1
bin-1877,56,4,4
bin-1878,56,1,1
bin-1879,56,1,1
bin-1880,56,14,14
bin-1881,56,4,4
bin-1882,56,6,6
bin-1883,56,1,1
bin-1884,56,1,1
bin-1885,56,1,1
bin-1897,56,1,1
bin-1898,56,1,1
bin-1899,56,1,1
bin-1900,56,1,1
bin-1901,56,4,4
bin-1902,56,4,4
bin-1903,56,4,4
bin-1904,56,4,4
bin-1905,56,4,4
bin-1906,56,4,4
bin-1907,56,1,1
bin-1908,56,6,6
bin-1909,56,1,1
bin-1910,56,4,4
bin-1911,56,4,4
bin-1912,56,1,1
bin-1913,56,1,1
bin-1914,56,4,4
bin-1915,56,4,4
bin-1916,56,4,4
bin-1917,56,1,1
bin-1918,56,1,1
bin-1919,56,1,1
bin-1920,56,1,1
bin-1921,56,0,0
bin-1922,56,1,1
bin-1923,56,1,1
bin-1924,56,4,4
bin-1925,56,1,1
bin-1926,56,4,4
bin-1927,56,1,1
bin-1928,56,1,1
bin-1929,56,1,1
bin-1930,56,29,29
bin-1931,56,24,24
bin-1943,56,36,36
bin-1944,56,0,0
bin-1945,56,1,1
bin-1946,56,1,1
bin-1947,56,1,1
bin-1948,56,4,4
bin-1949,56,4,4
bin-1950,56,1,1
bin-1951,56,4,4
bin-1952,56,4,4
bin-1953,56,4,4
bin-1954,56,1,1
bin-1955,56,1,1
bin-1956,56,4,4
bin-1957,56,4,4
bin-1958,56,1,1
bin-1959,56,1,1
bin-1960,56,1,1
bin-1961,56,4,4
bin-1962,56,4,4
bin-1963,56,1,1
bin-1964,56,0,0
bin-1965,56,1,1
bin-1966,56,1,1
bin-1967,56,4,4
bin-1968,56,1,1
bin-1969,56,1,1
bin-1970,56,1,1
bin-1971,56,1,1
bin-1972,56,1,1
bin-1973,56,1,1
bin-1974,56,1,1
bin-1975,56,1,1
bin-1976,56,5,5
bin-1977,56,5,5
bin-1989,56,15,15
bin-1990,56,39,39
bin-1991,56,1,1
bin-1992,56,4,4
bin-1993,56,1,1
bin-1994,56,4,4
bin-1995,56,22,22
bin-1996,56,1,1
bin-1997,56,4,4
bin-1998,56,4,4
bin-1999,56,4,4
bin-2000,56,1,1
bin-2001,56,1,1
bin-2002,56,4,4
bin-2003,56,1,1
bin-2004,56,10,10
bin-2005,56,4,4
bin-2006,56,1,1
bin-2007,56,4,4
bin-2008,56,4,4
bin-2009,56,4,4
bin-2010,56,4,4
bin-2011,56,12,12
bin-2012,56,1,1
bin-2013,56,1,1
bin-2014,56,4,4
bin-2015,56,4,4
bin-2016,56,1,1
bin-2017,56,48,48
bin-2018,56,1,1
bin-2019,56,1,1
bin-2020,56,1,1
bin-2021,56,33,33
bin-2022,56,16,16
bin-2036,56,17,17
bin-2037,56,7,7
bin-2038,56,1,1
bin-2039,56,4,4
bin-2040,56,4,4
bin-2041,56,4,4
bin-2042,56,4,4
bin-2043,56,4,4
bin-2044,56,5,5
bin-2045,56,21,21
bin-2046,56,5,5
bin-2047,56,1,1
bin-2048,56,8,8
bin-2049,56,4,4
bin-2050,56,4,4
bin-2051,56,1,1
bin-2052,56,1,1
bin-2053,56,4,4
bin-2054,56,4,4
bin-2055,56,8,8
bin-2056,56,4,4
bin-2057,56,4,4
bin-2058,56,4,4
bin-2059,56,1,1
bin-2060,56,1,1
bin-2061,56,1,1
bin-2062,56,1,1
bin-2063,56,1,1
bin-2064,56,1,1
bin-2065,56,1,1
bin-2066,56,1,1
bin-2067,56,35,35
bin-2082,56,5,5
bin-2083,56,5,5
bin-2084,56,5,5
bin-2085,56,31,31
bin-2086,56,1,1
bin-2087,56,4,4
bin-2088,56,4,4
bin-2089,56,1,1
bin-2090,56,5,5
bin-2091,56,4,4
bin-2092,56,4,4
bin-2093,56,1,1
bin-2094,56,1,1
bin-2095,56,1,1
bin-2096,56,1,1
bin-2097,56,4,4
bin-2098,56,1,1
bin-2099,56,1,1
bin-2100,56,1,1
bin-2101,56,13,13
bin-2102,56,4,4
bin-2103,56,1,1
bin-2104,56,29,29
bin-2105,56,4,4
bin-2106,56,4,4
bin-2107,56,1,1
bin-2108,56,1,1
bin-2109,56,1,1
bin-2110,56,12,12
bin-2111,56,19,19
bin-2112,56,17,17
bin-2129,56,5,5
bin-2130,56,18,18
bin-2131,56,1,1
bin-2132,56,1,1
bin-2133,56,1,1
bin-2134,56,4,4
bin-2135,56,4,4
bin-2136,56,1,1
bin-2137,56,14,14
bin-2138,56,4,4
bin-2139,56,1,1
bin-2140,56,1,1
bin-2141,56,1,1
bin-2142,56,1,1
bin-2143,56,1,1
bin-2144,56,1,1
bin-2145,56,1,1
bin-2146,56,1,1
bin-2147,56,1,1
bin-2148,56,1,1
bin-2149,56,4,4
bin-2150,56,1,1
bin-2151,56,5,5
bin-2152,56,1,1
bin-2153,56,1,1
bin-2154,56,1,1
bin-2155,56,1,1
bin-2156,56,5,5
bin-2157,56,7,7
bin-2158,56,5,5
bin-2177,56,5,5
bin-2178,56,1,1
bin-2179,56,1,1
bin-2180,56,1,1
bin-2181,56,1,1
bin-2182,56,11,11
bin-2183,56,4,4
bin-2184,56,4,4
bin-2185,56,1,1
bin-2186,56,1,1
bin-2187,56,1,1
bin-2188,56,13,13
bin-2189,56,5,5
bin-2190,56,4,4
bin-2191,56,11,11
bin-2192,56,21,21
bin-2193,56,1,1
bin-2194,56,12,12
bin-2195,56,4,4
bin-2196,56,1,1
bin-2197,56,1,1
bin-2198,56,4,4
bin-2199,56,1,1
bin-2200,56,1,1
bin-2201,56,5,5
bin-2202,56,4,4
bin-2203,56,2,2
bin-2224,56,5,5
bin-2225,56,1,1
bin-2226,56,1,1
bin-2227,56,1,1
bin-2228,56,4,4
bin-2229,56,4,4
bin-2230,56,1,1
bin-2231,56,1,1
bin-2232,56,11,11
bin-2233,56,21,21
bin-2234,56,5,5
bin-2235,56,1,1
bin-2236,56,1,1
bin-2237,56,5,5
bin-2238,56,27,27
bin-2239,56,27,27
bin-2240,56,1,1
bin-2241,56,4,4
bin-2242,56,1,1
bin-2243,56,1,1
bin-2244,56,1,1
bin-2245,56,1,1
bin-2246,56,1,1
bin-2247,56,6,6
bin-2248,56,5,5
bin-2271,56,23,23
bin-2272,56,1,1
bin-2273,56,8,8
bin-2274,56,1,1
bin-2275,56,1,1
bin-2276,56,1,1
bin-2277,56,1,1
bin-2278,56,5,5
bin-2284,56,6,6
bin-2285,56,19,19
bin-2286,56,5,5
bin-2287,56,5,5
bin-2288,56,5,5
bin-2289,56,8,8
bin-2290,56,1,1
bin-2291,56,5,5
bin-2292,56,16,16
bin-2293,56,2,2
bin-25,58,5,5
bin-26,58,5,5
bin-27,58,30,30
bin-28,58,0,0
bin-29,58,3,3
bin-30,58,13,13
bin-31,58,11,11
bin-32,58,23,23
bin-33,58,18,18
bin-34,58,5,5
bin-35,58,21,21
bin-72,58,24,24
bin-73,58,5,5
bin-74,58,5,5
bin-75,58,17,17
bin-76,58,0,0
bin-77,58,0,0
bin-78,58,2,2
bin-79,58,14,14
bin-80,58,2,2
bin-81,58,2,2
bin-82,58,2,2
bin-83,58,2,2
bin-84,58,21,21
bin-85,58,5,5
bin-119,58,11,11
bin-120,58,0,0
bin-121,58,35,35
bin-122,58,2,2
bin-123,58,2,2
bin-124,58,2,2
bin-125,58,2,2
bin-126,58,22,22
bin-127,58,1,1
bin-128,58,2,2
bin-129,58,2,2
bin-130,58,0,0
bin-131,58,2,2
bin-132,58,0,0
bin-133,58,19,19
bin-134,58,1,1
bin-135,58,6,6
bin-166,58,5,5
bin-167,58,0,0
bin-168,58,5,5
bin-169,58,2,2
bin-170,58,2,2
bin-171,58,0,0
bin-172,58,0,0
bin-173,58,0,0
bin-174,58,15,15
bin-175,58,14,14
bin-176,58,0,0
bin-177,58,0,0
bin-178,58,0,0
bin-179,58,22,22
bin-180,58,2,2
bin-181,58,2,2
bin-182,58,20,20
bin-183,58,2,2
bin-184,58,20,20
bin-214,58,13,13
bin-215,58,5,5
bin-216,58,2,2
bin-217,58,0,0
bin-218,58,0,0
bin-219,58,0,0
bin-220,58,30,30
bin-221,58,0,0
bin-222,58,0,0
bin-223,58,0,0
bin-224,58,0,0
bin-225,58,0,0
bin-226,58,0,0
bin-227,58,0,0
bin-228,58,0,0
bin-229,58,0,0
bin-230,58,2,2
bin-231,58,2,2
bin-232,58,0,0
bin-233,58,0,0
bin-234,58,15,15
bin-262,58,5,5
bin-263,58,5,5
bin-264,58,7,7
bin-265,58,2,2
bin-266,58,0,0
bin-267,58,0,0
bin-268,58,38,38
bin-269,58,0,0
bin-270,58,0,0
bin-271,58,0,0
bin-272,58,4,4
bin-273,58,0,0
bin-274,58,0,0
bin-275,58,0,0
bin-276,58,4,4
bin-277,58,0,0
bin-278,58,0,0
bin-279,58,0,0
bin-280,58,0,0
bin-281,58,0,0
bin-282,58,2,2
bin-283,58,26,26
bin-284,58,11,11
bin-311,58,0,0
bin-312,58,11,11
bin-313,58,1,1
bin-314,58,0,0
bin-315,58,8,8
bin-316,58,0,0
bin-317,58,0,0
bin-318,58,0,0
bin-319,58,0,0
bin-320,58,0,0
bin-321,58,11,11
bin-322,58,0,0
bin-323,58,0,0
bin-324,58,0,0
bin-325,58,6,6
bin-326,58,0,0
bin-327,58,0,0
bin-328,58,0,0
bin-329,58,2,2
bin-330,58,0,0
bin-331,58,2,2
bin-332,58,2,2
bin-333,58,0,0
bin-334,58,5,5
bin-360,58,0,0
bin-361,58,2,2
bin-362,58,2,2
bin-363,58,0,0
bin-364,58,0,0
bin-365,58,0,0
bin-366,58,0,0
bin-367,58,27,27
bin-368,58,0,0
bin-369,58,0,0
bin-370,58,0,0
bin-371,58,0,0
bin-372,58,0,0
bin-373,58,0,0
bin-374,58,0,0
bin-375,58,19,19
bin-376,58,0,0
bin-377,58,0,0
bin-378,58,0,0
bin-379,58,0,0
bin-380,58,2,2
bin-381,58,2,2
bin-382,58,0,0
bin-383,58,23,23
bin-384,58,5,5
bin-409,58,0,0
bin-410,58,0,0
bin-411,58,7,7
bin-412,58,0,0
bin-413,58,2,2
bin-414,58,0,0
bin-415,58,0,0
bin-416,58,0,0
bin-417,58,0,0
bin-418,58,0,0
bin-419,58,0,0
bin-420,58,0,0
bin-421,58,0,0
bin-422,58,0,0
bin-423,58,0,0
bin-424,58,0,0
bin-425,58,0,0
bin-426,58,0,0
bin-427,58,0,0
bin-428,58,0,0
bin-429,58,0,0
bin-430,58,2,2
bin-431,58,11,11
bin-432,58,13,13
bin-433,58,19,19
bin-457,58,5,5
bin-458,58,13,13
bin-459,58,7,7
bin-460,58,12,12
bin-461,58,0,0
bin-462,58,0,0
bin-463,58,0,0
bin-464,58,0,0
bin-465,58,0,0
bin-466,58,0,0
bin-467,58,0,0
bin-468,58,0,0
bin-469,58,0,0
bin-470,58,0,0
bin-471,58,0,0
bin-472,58,0,0
bin-473,58,0,0
bin-474,58,3,3
bin-475,58,0,0
bin-476,58,0,0
bin-477,58,6,6
bin-478,58,0,0
bin-479,58,2,2
bin-480,58,0,0
bin-481,58,7,7
bin-482,58,5,5
bin-483,58,6,6
bin-505,58,6,6
bin-506,58,0,0
bin-507,58,13,13
bin-508,58,7,7
bin-509,58,0,0
bin-510,58,0,0
bin-511,58,0,0
bin-512,58,0,0
bin-513,58,0,0
bin-514,58,8,8
bin-515,58,1,1
bin-516,58,0,0
bin-517,58,0,0
bin-518,58,0,0
bin-519,58,0,0
bin-520,58,4,4
bin-521,58,12,12
bin-522,58,0,0
bin-523,58,1,1
bin-524,58,13,13
bin-525,58,0,0
bin-526,58,0,0
bin-527,58,0,0
bin-528,58,0,0
bin-529,58,0,0
bin-530,58,2,2
bin-531,58,2,2
bin-532,58,5,5
bin-533,58,0,0
bin-553,58,21,21
bin-554,58,35,35
bin-555,58,2,2
bin-556,58,0,0
bin-557,58,0,0
bin-558,58,33,33
bin-559,58,9,9
bin-560,58,0,0
bin-561,58,0,0
bin-562,58,0,0
bin-563,58,0,0
bin-564,58,0,0
bin-565,58,0,0
bin-566,58,0,0
bin-567,58,0,0
bin-568,58,0,0
bin-569,58,0,0
bin-570,58,33,33
bin-571,58,0,0
bin-572,58,0,0
bin-573,58,0,0
bin-574,58,0,0
bin-575,58,0,0
bin-576,58,0,0
bin-577,58,0,0
bin-578,58,0,0
bin-579,58,0,0
bin-580,58,2,2
bin-581,58,0,0
bin-582,58,20,20
bin-583,58,5,5
bin-597,58,5,5
bin-598,58,6,6
bin-599,58,11,11
bin-600,58,1,1
bin-601,58,5,5
bin-602,58,25,25
bin-603,58,2,2
bin-604,58,0,0
bin-605,58,2,2
bin-606,58,0,0
bin-607,58,0,0
bin-608,58,0,0
bin-609,58,0,0
bin-610,58,0,0
bin-611,58,0,0
bin-612,58,0,0
bin-613,58,0,0
bin-614,58,4,4
bin-615,58,0,0
bin-616,58,24,24
bin-617,58,0,0
bin-618,58,0,0
bin-619,58,0,0
bin-620,58,0,0
bin-621,58,30,30
bin-622,58,0,0
bin-623,58,0,0
bin-624,58,0,0
bin-625,58,0,0
bin-626,58,13,13
bin-627,58,0,0
bin-628,58,0,0
bin-629,58,0,0
bin-630,58,2,2
bin-631,58,2,2
bin-632,58,5,5
bin-643,58,12,12
bin-644,58,20,20
bin-645,58,19,19
bin-646,58,1,1
bin-647,58,33,33
bin-648,58,1,1
bin-649,58,5,5
bin-650,58,11,11
bin-651,58,18,18
bin-652,58,2,2
bin-653,58,0,0
bin-654,58,0,0
bin-655,58,0,0
bin-656,58,0,0
bin-657,58,4,4
bin-658,58,0,0
bin-659,58,0,0
bin-660,58,0,0
bin-661,58,0,0
bin-662,58,0,0
bin-663,58,2,2
bin-664,58,0,0
bin-665,58,0,0
bin-666,58,23,23
bin-667,58,0,0
bin-668,58,0,0
bin-669,58,0,0
bin-670,58,0,0
bin-671,58,0,0
bin-672,58,0,0
bin-673,58,6,6
bin-674,58,0,0
bin-675,58,1,1
bin-676,58,0,0
bin-677,58,2,2
bin-678,58,0,0
bin-679,58,2,2
bin-680,58,0,0
bin-681,58,23,23
bin-682,58,17,17
bin-691,58,5,5
bin-692,58,5,5
bin-693,58,8,8
bin-694,58,4,4
bin-695,58,4,4
bin-696,58,1,1
bin-697,58,1,1
bin-698,58,1,1
bin-699,58,5,5
bin-700,58,5,5
bin-701,58,0,0
bin-702,58,1,1
bin-703,58,0,0
bin-704,58,0,0
bin-705,58,0,0
bin-706,58,0,0
bin-707,58,0,0
bin-708,58,0,0
bin-709,58,0,0
bin-710,58,0,0
bin-711,58,0,0
bin-712,58,0,0
bin-713,58,0,0
bin-714,58,0,0
bin-715,58,0,0
bin-716,58,0,0
bin-717,58,0,0
bin-718,58,0,0
bin-719,58,0,0
bin-720,58,0,0
bin-721,58,0,0
bin-722,58,0,0
bin-723,58,0,0
bin-724,58,0,0
bin-725,58,0,0
bin-726,58,0,0
bin-727,58,0,0
bin-728,58,2,2
bin-729,58,2,2
bin-730,58,2,2
bin-731,58,7,7
bin-738,58,5,5
bin-739,58,4,4
bin-740,58,5,5
bin-741,58,1,1
bin-742,58,1,1
bin-743,58,1,1
bin-744,58,4,4
bin-745,58,4,4
bin-746,58,1,1
bin-747,58,1,1
bin-748,58,11,11
bin-749,58,21,21
bin-750,58,2,2
bin-751,58,0,0
bin-752,58,33,33
bin-753,58,0,0
bin-754,58,8,8
bin-755,58,0,0
bin-756,58,1,1
bin-757,58,4,4
bin-758,58,0,0
bin-759,58,31,31
bin-760,58,0,0
bin-761,58,1,1
bin-762,58,0,0
bin-763,58,14,14
bin-764,58,0,0
bin-765,58,0,0
bin-766,58,0,0
bin-767,58,0,0
bin-768,58,0,0
bin-769,58,0,0
bin-770,58,0,0
bin-771,58,0,0
bin-772,58,0,0
bin-773,58,0,0
bin-774,58,0,0
bin-775,58,1,1
bin-776,58,0,0
bin-777,58,0,0
bin-778,58,0,0
bin-779,58,2,2
bin-780,58,2,2
bin-787,58,33,33
bin-788,58,1,1
bin-789,58,1,1
bin-790,58,4,4
bin-791,58,1,1
bin-792,58,1,1
bin-793,58,4,4
bin-794,58,4,4
bin-795,58,1,1
bin-796,58,1,1
bin-797,58,17,17
bin-798,58,5,5
bin-799,58,2,2
bin-800,58,0,0
bin-801,58,0,0
bin-802,58,9,9
bin-803,58,25,25
bin-804,58,17,17
bin-805,58,22,22
bin-806,58,4,4
bin-807,58,25,25
bin-808,58,0,0
bin-809,58,0,0
bin-810,58,0,0
bin-811,58,0,0
bin-812,58,16,16
bin-813,58,0,0
bin-814,58,0,0
bin-815,58,0,0
bin-816,58,0,0
bin-817,58,0,0
bin-818,58,0,0
bin-819,58,0,0
bin-820,58,0,0
bin-821,58,0,0
bin-822,58,0,0
bin-823,58,0,0
bin-824,58,0,0
bin-825,58,0,0
bin-826,58,0,0
bin-827,58,0,0
bin-828,58,2,2
bin-829,58,2,2
bin-830,58,15,15
bin-835,58,5,5
bin-836,58,7,7
bin-837,58,1,1
bin-838,58,1,1
bin-839,58,7,7
bin-840,58,4,4
bin-841,58,4,4
bin-842,58,4,4
bin-843,58,4,4
bin-844,58,1,1
bin-845,58,1,1
bin-846,58,11,11
bin-847,58,1,1
bin-848,58,2,2
bin-849,58,0,0
bin-850,58,0,0
bin-851,58,0,0
bin-852,58,0,0
bin-853,58,0,0
bin-854,58,0,0
bin-855,58,0,0
bin-856,58,0,0
bin-857,58,0,0
bin-858,58,31,31
bin-859,58,0,0
bin-860,58,0,0
bin-861,58,0,0
bin-862,58,0,0
bin-863,58,0,0
bin-864,58,0,0
bin-865,58,0,0
bin-866,58,0,0
bin-867,58,0,0
bin-868,58,0,0
bin-869,58,0,0
bin-870,58,11,11
bin-871,58,0,0
bin-872,58,0,0
bin-873,58,0,0
bin-874,58,0,0
bin-875,58,0,0
bin-876,58,6,6
bin-877,58,2,2
bin-878,58,2,2
bin-879,58,2,2
bin-880,58,0,0
bin-883,58,22,22
bin-884,58,11,11
bin-885,58,4,4
bin-886,58,1,1
bin-887,58,1,1
bin-888,58,1,1
bin-889,58,4,4
bin-890,58,4,4
bin-891,58,4,4
bin-892,58,1,1
bin-893,58,1,1
bin-894,58,17,17
bin-895,58,28,28
bin-896,58,2,2
bin-897,58,39,39
bin-898,58,2,2
bin-899,58,0,0
bin-900,58,0,0
bin-901,58,16,16
bin-902,58,24,24
bin-903,58,0,0
bin-904,58,24,24
bin-905,58,0,0
bin-906,58,10,10
bin-907,58,0,0
bin-908,58,0,0
bin-909,58,0,0
bin-910,58,0,0
bin-911,58,0,0
bin-912,58,0,0
bin-913,58,0,0
bin-914,58,0,0
bin-915,58,0,0
bin-916,58,0,0
bin-917,58,0,0
bin-918,58,0,0
bin-919,58,0,0
bin-920,58,0,0
bin-921,58,0,0
bin-922,58,18,18
bin-923,58,0,0
bin-924,58,0,0
bin-925,58,0,0
bin-926,58,0,0
bin-927,58,2,2
bin-928,58,2,2
bin-929,58,15,15
bin-931,58,1,1
bin-932,58,13,13
bin-933,58,1,1
bin-934,58,1,1
bin-935,58,4,4
bin-936,58,2,2
bin-937,58,4,4
bin-938,58,4,4
bin-939,58,4,4
bin-940,58,4,4
bin-941,58,1,1
bin-942,58,1,1
bin-943,58,1,1
bin-944,58,1,1
bin-945,58,21,21
bin-946,58,2,2
bin-947,58,2,2
bin-948,58,0,0
bin-949,58,0,0
bin-950,58,0,0
bin-951,58,27,27
bin-952,58,0,0
bin-953,58,0,0
bin-954,58,0,0
bin-955,58,0,0
bin-956,58,0,0
bin-957,58,0,0
bin-958,58,0,0
bin-959,58,0,0
bin-960,58,0,0
bin-961,58,0,0
bin-962,58,0,0
bin-963,58,16,16
bin-964,58,0,0
bin-965,58,0,0
bin-966,58,0,0
bin-967,58,0,0
bin-968,58,0,0
bin-969,58,0,0
bin-970,58,0,0
bin-971,58,25,25
bin-972,58,0,0
bin-973,58,5,5
bin-974,58,0,0
bin-975,58,0,0
bin-976,58,2,2
bin-977,58,2,2
bin-978,58,2,2
bin-979,58,2,2
bin-980,58,1,1
bin-981,58,1,1
bin-982,58,4,4
bin-983,58,1,1
bin-984,58,4,4
bin-985,58,4,4
bin-986,58,4,4
bin-987,58,4,4
bin-988,58,4,4
bin-989,58,1,1
bin-990,58,4,4
bin-991,58,4,4
bin-992,58,0,0
bin-993,58,1,1
bin-994,58,1,1
bin-995,58,0,0
bin-996,58,0,0
bin-997,58,2,2
bin-998,58,35,35
bin-999,58,6,6
bin-1000,58,0,0
bin-1001,58,0,0
bin-1002,58,0,0
bin-1003,58,0,0
bin-1004,58,0,0
bin-1005,58,0,0
bin-1006,58,0,0
bin-1007,58,0,0
bin-1008,58,0,0
bin-1009,58,0,0
bin-1010,58,0,0
bin-1011,58,0,0
bin-1012,58,0,0
bin-1013,58,0,0
bin-1014,58,0,0
bin-1015,58,0,0
bin-1016,58,0,0
bin-1017,58,0,0
bin-1018,58,0,0
bin-1019,58,0,0
bin-1020,58,0,0
bin-1021,58,0,0
bin-1022,58,0,0
bin-1023,58,0,0
bin-1024,58,0,0
bin-1025,58,2,2
bin-1026,58,2,2
bin-1027,58,0,0
bin-1028,58,31,31
bin-1029,58,1,1
bin-1030,58,28,28
bin-1031,58,1,1
bin-1032,58,4,4
bin-1033,58,4,4
bin-1034,58,4,4
bin-1035,58,4,4
bin-1036,58,4,4
bin-1037,58,4,4
bin-1038,58,4,4
bin-1039,58,1,1
bin-1040,58,4,4
bin-1041,58,1,1
bin-1042,58,7,7
bin-1043,58,17,17
bin-1044,58,0,0
bin-1045,58,2,2
bin-1046,58,0,0
bin-1047,58,0,0
bin-1048,58,14,14
bin-1049,58,0,0
bin-1050,58,0,0
bin-1051,58,0,0
bin-1052,58,0,0
bin-1053,58,0,0
bin-1054,58,0,0
bin-1055,58,0,0
bin-1056,58,0,0
bin-1057,58,0,0
bin-1058,58,0,0
bin-1059,58,15,15
bin-1060,58,0,0
bin-1061,58,0,0
bin-1062,58,0,0
bin-1063,58,0,0
bin-1064,58,0,0
bin-1065,58,0,0
bin-1066,58,0,0
bin-1067,58,0,0
bin-1068,58,0,0
bin-1069,58,0,0
bin-1070,58,0,0
bin-1071,58,0,0
bin-1072,58,0,0
bin-1073,58,0,0
bin-1074,58,2,2
bin-1075,58,2,2
bin-1076,58,2,2
bin-1077,58,33,33
bin-1078,58,1,1
bin-1079,58,1,1
bin-1080,58,1,1
bin-1081,58,1,1
bin-1082,58,4,4
bin-1083,58,1,1
bin-1084,58,1,1
bin-1085,58,4,4
bin-1086,58,4,4
bin-1087,58,4,4
bin-1088,58,4,4
bin-1089,58,1,1
bin-1090,58,1,1
bin-1091,58,1,1
bin-1092,58,1,1
bin-1093,58,3,3
bin-1094,58,2,2
bin-1095,58,0,0
bin-1096,58,0,0
bin-1097,58,0,0
bin-1098,58,0,0
bin-1099,58,24,24
bin-1100,58,0,0
bin-1101,58,0,0
bin-1102,58,0,0
bin-1103,58,0,0
bin-1104,58,1,1
bin-1105,58,0,0
bin-1106,58,0,0
bin-1107,58,0,0
bin-1108,58,0,0
bin-1109,58,24,24
bin-1110,58,24,24
bin-1111,58,12,12
bin-1112,58,0,0
bin-1113,58,0,0
bin-1114,58,0,0
bin-1115,58,0,0
bin-1116,58,0,0
bin-1117,58,0,0
bin-1118,58,0,0
bin-1119,58,0,0
bin-1120,58,0,0
bin-1121,58,0,0
bin-1122,58,8,8
bin-1123,58,0,0
bin-1124,58,2,2
bin-1125,58,2,2
bin-1126,58,2,2
bin-1127,58,1,1
bin-1128,58,1,1
bin-1129,58,4,4
bin-1130,58,1,1
bin-1131,58,4,4
bin-1132,58,0,0
bin-1133,58,1,1
bin-1134,58,1,1
bin-1135,58,4,4
bin-1136,58,33,33
bin-1137,58,1,1
bin-1138,58,1,1
bin-1139,58,1,1
bin-1140,58,1,1
bin-1141,58,14,14
bin-1142,58,2,2
bin-1143,58,2,2
bin-1144,58,0,0
bin-1145,58,0,0
bin-1146,58,0,0
bin-1147,58,0,0
bin-1148,58,0,0
bin-1149,58,0,0
bin-1150,58,0,0
bin-1151,58,0,0
bin-1152,58,0,0
bin-1153,58,14,14
bin-1154,58,0,0
bin-1155,58,0,0
bin-1156,58,0,0
bin-1157,58,0,0
bin-1158,58,0,0
bin-1159,58,0,0
bin-1160,58,0,0
bin-1161,58,0,0
bin-1162,58,0,0
bin-1163,58,0,0
bin-1164,58,0,0
bin-1165,58,1,1
bin-1166,58,0,0
bin-1167,58,0,0
bin-1168,58,0,0
bin-1169,58,0,0
bin-1170,58,0,0
bin-1171,58,0,0
bin-1172,58,0,0
bin-1173,58,2,2
bin-1174,58,2,2
bin-1175,58,2,2
bin-1176,58,1,1
bin-1177,58,1,1
bin-1178,58,1,1
bin-1179,58,8,8
bin-1180,58,1,1
bin-1181,58,1,1
bin-1182,58,1,1
bin-1183,58,4,4
bin-1184,58,4,4
bin-1185,58,1,1
bin-1186,58,1,1
bin-1187,58,1,1
bin-1188,58,1,1
bin-1189,58,1,1
bin-1190,58,1,1
bin-1191,58,0,0
bin-1192,58,2,2
bin-1193,58,0,0
bin-1194,58,0,0
bin-1195,58,0,0
bin-1196,58,0,0
bin-1197,58,0,0
bin-1198,58,0,0
bin-1199,58,0,0
bin-1200,58,0,0
bin-1201,58,0,0
bin-1202,58,23,23
bin-1203,58,11,11
bin-1204,58,0,0
bin-1205,58,0,0
bin-1206,58,16,16
bin-1207,58,0,0
bin-1208,58,0,0
bin-1209,58,4,4
bin-1210,58,0,0
bin-1211,58,0,0
bin-1212,58,0,0
bin-1213,58,0,0
bin-1214,58,0,0
bin-1215,58,0,0
bin-1216,58,0,0
bin-1217,58,0,0
bin-1218,58,0,0
bin-1219,58,0,0
bin-1220,58,0,0
bin-1221,58,2,2
bin-1222,58,2,2
bin-1223,58,2,2
bin-1224,58,2,2
bin-1225,58,29,29
bin-1226,58,1,1
bin-1227,58,1,1
bin-1228,58,1,1
bin-1229,58,4,4
bin-1230,58,1,1
bin-1231,58,13,13
bin-1232,58,1,1
bin-1233,58,4,4
bin-1234,58,1,1
bin-1235,58,1,1
bin-1236,58,1,1
bin-1237,58,1,1
bin-1238,58,1,1
bin-1239,58,1,1
bin-1240,58,1,1
bin-1241,58,2,2
bin-1242,58,0,0
bin-1243,58,2,2
bin-1244,58,0,0
bin-1245,58,0,0
bin-1246,58,0,0
bin-1247,58,0,0
bin-1248,58,0,0
bin-1249,58,0,0
bin-1250,58,29,29
bin-1251,58,0,0
bin-1252,58,0,0
bin-1253,58,0,0
bin-1254,58,0,0
bin-1255,58,0,0
bin-1256,58,0,0
bin-1257,58,0,0
bin-1258,58,0,0
bin-1259,58,0,0
bin-1260,58,0,0
bin-1261,58,0,0
bin-1262,58,0,0
bin-1263,58,0,0
bin-1264,58,0,0
bin-1265,58,0,0
bin-1266,58,0,0
bin-1267,58,0,0
bin-1268,58,0,0
bin-1269,58,0,0
bin-1270,58,0,0
bin-1271,58,2,2
bin-1272,58,2,2
bin-1273,58,2,2
bin-1275,58,1,1
bin-1276,58,1,1
bin-1277,58,1,1
bin-1278,58,1,1
bin-1279,58,4,4
bin-1280,58,6,6
bin-1281,58,1,1
bin-1282,58,4,4
bin-1283,58,1,1
bin-1284,58,6,6
bin-1285,58,1,1
bin-1286,58,1,1
bin-1287,58,4,4
bin-1288,58,1,1
bin-1289,58,2,2
bin-1290,58,2,2
bin-1291,58,2,2
bin-1292,58,0,0
bin-1293,58,0,0
bin-1294,58,0,0
bin-1295,58,0,0
bin-1296,58,0,0
bin-1297,58,0,0
bin-1298,58,15,15
bin-1299,58,0,0
bin-1300,58,0,0
bin-1301,58,22,22
bin-1302,58,0,0
bin-1303,58,0,0
bin-1304,58,0,0
bin-1305,58,0,0
bin-1306,58,0,0
bin-1307,58,0,0
bin-1308,58,0,0
bin-1309,58,11,11
bin-1310,58,0,0
bin-1311,58,3,3
bin-1312,58,0,0
bin-1313,58,0,0
bin-1314,58,0,0
bin-1315,58,0,0
bin-1316,58,9,9
bin-1317,58,0,0
bin-1318,58,0,0
bin-1319,58,0,0
bin-1320,58,0,0
bin-1321,58,2,2
bin-1322,58,2,2
bin-1325,58,5,5
bin-1326,58,8,8
bin-1327,58,1,1
bin-1328,58,1,1
bin-1329,58,4,4
bin-1330,58,4,4
bin-1331,58,4,4
bin-1332,58,4,4
bin-1333,58,4,4
bin-1334,58,4,4
bin-1335,58,1,1
bin-1336,58,1,1
bin-1337,58,1,1
bin-1338,58,1,1
bin-1339,58,0,0
bin-1340,58,2,2
bin-1341,58,2,2
bin-1342,58,2,2
bin-1343,58,0,0
bin-1344,58,0,0
bin-1345,58,0,0
bin-1346,58,0,0
bin-1347,58,0,0
bin-1348,58,0,0
bin-1349,58,0,0
bin-1350,58,0,0
bin-1351,58,0,0
bin-1352,58,0,0
bin-1353,58,0,0
bin-1354,58,0,0
bin-1355,58,0,0
bin-1356,58,0,0
bin-1357,58,0,0
bin-1358,58,0,0
bin-1359,58,0,0
bin-1360,58,0,0
bin-1361,58,0,0
bin-1362,58,0,0
bin-1363,58,0,0
bin-1364,58,0,0
bin-1365,58,2,2
bin-1366,58,0,0
bin-1367,58,29,29
bin-1368,58,0,0
bin-1369,58,2,2
bin-1370,58,2,2
bin-1371,58,2,2
bin-1374,58,39,39
bin-1375,58,1,1
bin-1376,58,1,1
bin-1377,58,1,1
bin-1378,58,4,4
bin-1379,58,1,1
bin-1380,58,10,10
bin-1381,58,4,4
bin-1382,58,4,4
bin-1383,58,4,4
bin-1384,58,0,0
bin-1385,58,1,1
bin-1386,58,1,1
bin-1387,58,0,0
bin-1388,58,1,1
bin-1389,58,2,2
bin-1390,58,2,2
bin-1391,58,2,2
bin-1392,58,2,2
bin-1393,58,0,0
bin-1394,58,0,0
bin-1395,58,0,0
bin-1396,58,0,0
bin-1397,58,0,0
bin-1398,58,34,34
bin-1399,58,0,0
bin-1400,58,0,0
bin-1401,58,0,0
bin-1402,58,0,0
bin-1403,58,0,0
bin-1404,58,0,0
bin-1405,58,0,0
bin-1406,58,0,0
bin-1407,58,0,0
bin-1408,58,0,0
bin-1409,58,19,19
bin-1410,58,0,0
bin-1411,58,0,0
bin-1412,58,0,0
bin-1413,58,13,13
bin-1414,58,0,0
bin-1415,58,0,0
bin-1416,58,0,0
bin-1417,58,2,2
bin-1418,58,0,0
bin-1419,58,2,2
bin-1420,58,0,0
bin-1423,58,1,1
bin-1424,58,4,4
bin-1425,58,1,1
bin-1426,58,1,1
bin-1427,58,1,1
bin-1428,58,1,1
bin-1429,58,1,1
bin-1430,58,4,4
bin-1431,58,4,4
bin-1432,58,4,4
bin-1433,58,4,4
bin-1434,58,1,1
bin-1435,58,1,1
bin-1436,58,4,4
bin-1437,58,1,1
bin-1438,58,0,0
bin-1439,58,0,0
bin-1440,58,0,0
bin-1441,58,2,2
bin-1442,58,2,2
bin-1443,58,0,0
bin-1444,58,0,0
bin-1445,58,0,0
bin-1446,58,0,0
bin-1447,58,0,0
bin-1448,58,0,0
bin-1449,58,0,0
bin-1450,58,0,0
bin-1451,58,0,0
bin-1452,58,16,16
bin-1453,58,0,0
bin-1454,58,0,0
bin-1455,58,0,0
bin-1456,58,0,0
bin-1457,58,11,11
bin-1458,58,0,0
bin-1459,58,0,0
bin-1460,58,0,0
bin-1461,58,0,0
bin-1462,58,0,0
bin-1463,58,0,0
bin-1464,58,0,0
bin-1465,58,2,2
bin-1466,58,0,0
bin-1467,58,2,2
bin-1468,58,2,2
bin-1469,58,2,2
bin-1472,58,1,1
bin-1473,58,1,1
bin-1474,58,1,1
bin-1475,58,1,1
bin-1476,58,1,1
bin-1477,58,4,4
bin-1478,58,1,1
bin-1479,58,33,33
bin-1480,58,4,4
bin-1481,58,4,4
bin-1482,58,4,4
bin-1483,58,1,1
bin-1484,58,1,1
bin-1485,58,1,1
bin-1486,58,4,4
bin-1487,58,0,0
bin-1488,58,7,7
bin-1489,58,2,2
bin-1490,58,2,2
bin-1491,58,0,0
bin-1492,58,7,7
bin-1493,58,2,2
bin-1494,58,0,0
bin-1495,58,0,0
bin-1496,58,2,2
bin-1497,58,0,0
bin-1498,58,0,0
bin-1499,58,0,0
bin-1500,58,0,0
bin-1501,58,0,0
bin-1502,58,0,0
bin-1503,58,0,0
bin-1504,58,14,14
bin-1505,58,0,0
bin-1506,58,36,36
bin-1507,58,2,2
bin-1508,58,0,0
bin-1509,58,0,0
bin-1510,58,2,2
bin-1511,58,16,16
bin-1512,58,0,0
bin-1513,58,2,2
bin-1514,58,2,2
bin-1515,58,2,2
bin-1516,58,2,2
bin-1517,58,2,2
bin-1518,58,2,2
bin-1520,58,5,5
bin-1521,58,1,1
bin-1522,58,1,1
bin-1523,58,1,1
bin-1524,58,1,1
bin-1525,58,1,1
bin-1526,58,4,4
bin-1527,58,1,1
bin-1528,58,4,4
bin-1529,58,12,12
bin-1530,58,1,1
bin-1531,58,1,1
bin-1532,58,1,1
bin-1533,58,1,1
bin-1534,58,1,1
bin-1535,58,1,1
bin-1536,58,1,1
bin-1537,58,0,0
bin-1538,58,7,7
bin-1539,58,30,30
bin-1540,58,2,2
bin-1541,58,2,2
bin-1542,58,0,0
bin-1543,58,2,2
bin-1544,58,2,2
bin-1545,58,2,2
bin-1546,58,2,2
bin-1547,58,0,0
bin-1548,58,0,0
bin-1549,58,0,0
bin-1550,58,2,2
bin-1551,58,0,0
bin-1552,58,0,0
bin-1553,58,0,0
bin-1554,58,20,20
bin-1555,58,0,0
bin-1556,58,2,2
bin-1557,58,2,2
bin-1558,58,2,2
bin-1559,58,0,0
bin-1560,58,2,2
bin-1561,58,2,2
bin-1562,58,24,24
bin-1563,58,2,2
bin-1564,58,2,2
bin-1565,58,2,2
bin-1566,58,20,20
bin-1567,58,8,8
bin-1569,58,22,22
bin-1570,58,1,1
bin-1571,58,1,1
bin-1572,58,1,1
bin-1573,58,1,1
bin-1574,58,1,1
bin-1575,58,1,1
bin-1576,58,1,1
bin-1577,58,1,1
bin-1578,58,1,1
bin-1579,58,5,5
bin-1580,58,1,1
bin-1581,58,31,31
bin-1582,58,8,8
bin-1583,58,1,1
bin-1584,58,1,1
bin-1585,58,0,0
bin-1586,58,5,5
bin-1588,58,5,5
bin-1589,58,27,27
bin-1590,58,5,5
bin-1591,58,27,27
bin-1592,58,0,0
bin-1593,58,0,0
bin-1594,58,18,18
bin-1595,58,2,2
bin-1596,58,2,2
bin-1597,58,1,1
bin-1598,58,0,0
bin-1599,58,2,2
bin-1600,58,2,2
bin-1601,58,2,2
bin-1602,58,0,0
bin-1603,58,2,2
bin-1604,58,2,2
bin-1605,58,0,0
bin-1606,58,2,2
bin-1607,58,3,3
bin-1608,58,0,0
bin-1609,58,2,2
bin-1610,58,2,2
bin-1611,58,2,2
bin-1612,58,2,2
bin-1613,58,0,0
bin-1614,58,27,27
bin-1615,58,2,2
bin-1616,58,8,8
bin-1618,58,10,10
bin-1619,58,1,1
bin-1620,58,1,1
bin-1621,58,1,1
bin-1622,58,1,1
bin-1623,58,1,1
bin-1624,58,1,1
bin-1625,58,5,5
bin-1626,58,1,1
bin-1627,58,1,1
bin-1628,58,4,4
bin-1629,58,1,1
bin-1630,58,1,1
bin-1631,58,1,1
bin-1632,58,1,1
bin-1633,58,1,1
bin-1634,58,0,0
bin-1635,58,23,23
bin-1639,58,13,13
bin-1640,58,15,15
bin-1641,58,7,7
bin-1642,58,5,5
bin-1643,58,27,27
bin-1644,58,0,0
bin-1645,58,12,12
bin-1646,58,5,5
bin-1647,58,1,1
bin-1648,58,12,12
bin-1649,58,0,0
bin-1650,58,23,23
bin-1651,58,1,1
bin-1652,58,3,3
bin-1653,58,3,3
bin-1654,58,3,3
bin-1655,58,2,2
bin-1656,58,2,2
bin-1657,58,2,2
bin-1658,58,2,2
bin-1659,58,2,2
bin-1660,58,2,2
bin-1661,58,0,0
bin-1662,58,2,2
bin-1663,58,0,0
bin-1664,58,9,9
bin-1665,58,7,7
bin-1667,58,18,18
bin-1668,58,5,5
bin-1669,58,1,1
bin-1670,58,1,1
bin-1671,58,15,15
bin-1672,58,1,1
bin-1673,58,1,1
bin-1674,58,1,1
bin-1675,58,1,1
bin-1676,58,1,1
bin-1677,58,1,1
bin-1678,58,1,1
bin-1679,58,1,1
bin-1680,58,34,34
bin-1681,58,1,1
bin-1682,58,1,1
bin-1683,58,1,1
bin-1684,58,1,1
bin-1696,58,3,3
bin-1697,58,3,3
bin-1698,58,3,3
bin-1699,58,3,3
bin-1700,58,3,3
bin-1701,58,3,3
bin-1702,58,3,3
bin-1703,58,3,3
bin-1704,58,3,3
bin-1705,58,3,3
bin-1706,58,2,2
bin-1707,58,2,2
bin-1708,58,2,2
bin-1709,58,2,2
bin-1710,58,29,29
bin-1711,58,34,34
bin-1712,58,0,0
bin-1716,58,19,19
bin-1717,58,1,1
bin-1718,58,1,1
bin-1719,58,1,1
bin-1720,58,1,1
bin-1721,58,4,4
bin-1722,58,1,1
bin-1723,58,1,1
bin-1724,58,1,1
bin-1725,58,1,1
bin-1726,58,1,1
bin-1727,58,1,1
bin-1728,58,0,0
bin-1729,58,1,1
bin-1730,58,1,1
bin-1731,58,1,1
bin-1732,58,1,1
bin-1733,58,11,11
bin-1745,58,3,3
bin-1746,58,3,3
bin-1747,58,3,3
bin-1748,58,3,3
bin-1749,58,3,3
bin-1750,58,3,3
bin-1751,58,3,3
bin-1752,58,3,3
bin-1753,58,3,3
bin-1754,58,3,3
bin-1755,58,3,3
bin-1756,58,2,2
bin-1757,58,32,32
bin-1765,58,6,6
bin-1766,58,5,5
bin-1767,58,4,4
bin-1768,58,1,1
bin-1769,58,1,1
bin-1770,58,1,1
bin-1771,58,1,1
bin-1772,58,1,1
bin-1773,58,1,1
bin-1774,58,22,22
bin-1775,58,1,1
bin-1776,58,1,1
bin-1777,58,1,1
bin-1778,58,1,1
bin-1779,58,1,1
bin-1780,58,0,0
bin-1781,58,1,1
bin-1782,58,8,8
bin-1794,58,3,3
bin-1795,58,3,3
bin-1796,58,3,3
bin-1797,58,3,3
bin-1798,58,3,3
bin-1799,58,3,3
bin-1800,58,3,3
bin-1801,58,3,3
bin-1802,58,3,3
bin-1803,58,3,3
bin-1804,58,3,3
bin-1805,58,3,3
bin-1814,58,5,5
bin-1815,58,1,1
bin-1816,58,4,4
bin-1817,58,4,4
bin-1818,58,1,1
bin-1819,58,1,1
bin-1820,58,1,1
bin-1821,58,1,1
bin-1822,58,1,1
bin-1823,58,1,1
bin-1824,58,18,18
bin-1825,58,1,1
bin-1826,58,1,1
bin-1827,58,1,1
bin-1828,58,1,1
bin-1829,58,0,0
bin-1830,58,1,1
bin-1831,58,5,5
bin-1843,58,3,3
bin-1844,58,3,3
bin-1845,58,3,3
bin-1846,58,3,3
bin-1847,58,3,3
bin-1848,58,3,3
bin-1849,58,3,3
bin-1850,58,3,3
bin-1851,58,3,3
bin-1852,58,3,3
bin-1853,58,3,3
bin-1854,58,3,3
bin-1855,58,3,3
bin-1864,58,36,36
bin-1865,58,4,4
bin-1866,58,23,23
bin-1867,58,4,4
bin-1868,58,12,12
bin-1869,58,32,32
bin-1870,58,5,5
bin-1871,58,1,1
bin-1872,58,1,1
bin-1873,58,5,5
bin-1874,58,1,1
bin-1875,58,14,14
bin-1876,58,1,1
bin-1877,58,1,1
bin-1878,58,1,1
bin-1879,58,1,1
bin-1880,58,11,11
bin-1892,58,3,3
bin-1893,58,3,3
bin-1894,58,3,3
bin-1895,58,3,3
bin-1896,58,3,3
bin-1897,58,3,3
bin-1898,58,3,3
bin-1899,58,3,3
bin-1900,58,3,3
bin-1901,58,3,3
bin-1902,58,3,3
bin-1903,58,3,3
bin-1904,58,3,3
bin-1915,58,23,23
bin-1916,58,1,1
bin-1917,58,1,1
bin-1918,58,1,1
bin-1919,58,1,1
bin-1920,58,1,1
bin-1921,58,1,1
bin-1922,58,1,1
bin-1923,58,1,1
bin-1924,58,4,4
bin-1925,58,1,1
bin-1926,58,1,1
bin-1927,58,1,1
bin-1928,58,1,1
bin-1929,58,1,1
bin-1930,58,5,5
bin-1941,58,3,3
bin-1942,58,3,3
bin-1943,58,3,3
bin-1944,58,3,3
bin-1945,58,3,3
bin-1946,58,3,3
bin-1947,58,3,3
bin-1948,58,3,3
bin-1949,58,3,3
bin-1950,58,3,3
bin-1951,58,3,3
bin-1952,58,3,3
bin-1953,58,3,3
bin-1965,58,5,5
bin-1966,58,1,1
bin-1967,58,4,4
bin-1968,58,4,4
bin-1969,58,4,4
bin-1970,58,1,1
bin-1971,58,1,1
bin-1972,58,1,1
bin-1973,58,1,1
bin-1974,58,1,1
bin-1975,58,1,1
bin-1976,58,21,21
bin-1977,58,4,4
bin-1978,58,1,1
bin-1979,58,41,41
bin-1990,58,3,3
bin-1991,58,3,3
bin-1992,58,3,3
bin-1993,58,3,3
bin-1994,58,3,3
bin-1995,58,3,3
bin-1996,58,3,3
bin-1997,58,3,3
bin-1998,58,3,3
bin-1999,58,3,3
bin-2000,58,3,3
bin-2001,58,3,3
bin-2002,58,3,3
bin-2015,58,6,6
bin-2016,58,4,4
bin-2017,58,1,1
bin-2018,58,1,1
bin-2019,58,1,1
bin-2020,58,12,12
bin-2021,58,1,1
bin-2022,58,1,1
bin-2023,58,1,1
bin-2024,58,1,1
bin-2025,58,13,13
bin-2026,58,1,1
bin-2027,58,1,1
bin-2028,58,5,5
bin-2029,58,5,5
bin-2039,58,5,5
bin-2040,58,3,3
bin-2041,58,3,3
bin-2042,58,3,3
bin-2043,58,3,3
bin-2044,58,3,3
bin-2045,58,3,3
bin-2046,58,3,3
bin-2047,58,3,3
bin-2048,58,3,3
bin-2049,58,3,3
bin-2050,58,3,3
bin-2051,58,3,3
bin-2064,58,39,39
bin-2065,58,4,4
bin-2066,58,1,1
bin-2067,58,1,1
bin-2068,58,1,1
bin-2069,58,1,1
bin-2070,58,1,1
bin-2071,58,1,1
bin-2072,58,4,4
bin-2073,58,4,4
bin-2074,58,1,1
bin-2075,58,1,1
bin-2076,58,1,1
bin-2077,58,5,5
bin-2078,58,5,5
bin-2079,58,11,11
bin-2080,58,5,5
bin-2090,58,11,11
bin-2091,58,3,3
bin-2092,58,3,3
bin-2093,58,3,3
bin-2094,58,3,3
bin-2095,58,3,3
bin-2096,58,3,3
bin-2097,58,3,3
bin-2098,58,3,3
bin-2099,58,3,3
bin-2100,58,5,5
bin-2114,58,1,1
bin-2115,58,1,1
bin-2116,58,30,30
bin-2117,58,1,1
bin-2118,58,1,1
bin-2119,58,1,1
bin-2120,58,9,9
bin-2121,58,38,38
bin-2122,58,1,1
bin-2123,58,1,1
bin-2124,58,1,1
bin-2125,58,1,1
bin-2126,58,5,5
bin-2127,58,1,1
bin-2128,58,1,1
bin-2129,58,16,16
bin-2130,58,5,5
bin-2131,58,5,5
bin-2163,58,12,12
bin-2164,58,5,5
bin-2165,58,4,4
bin-2166,58,4,4
bin-2167,58,1,1
bin-2168,58,1,1
bin-2169,58,1,1
bin-2170,58,1,1
bin-2171,58,1,1
bin-2172,58,1,1
bin-2173,58,1,1
bin-2174,58,1,1
bin-2175,58,0,0
bin-2176,58,1,1
bin-2177,58,1,1
bin-2178,58,1,1
bin-2179,58,1,1
bin-2180,58,1,1
bin-2181,58,16,16
bin-2213,58,8,8
bin-2214,58,1,1
bin-2215,58,1,1
bin-2216,58,1,1
bin-2217,58,1,1
bin-2218,58,1,1
bin-2219,58,1,1
bin-2220,58,1,1
bin-2221,58,1,1
bin-2222,58,1,1
bin-2223,58,4,4
bin-2224,58,4,4
bin-2225,58,1,1
bin-2226,58,1,1
bin-2227,58,1,1
bin-2228,58,1,1
bin-2229,58,1,1
bin-2230,58,1,1
bin-2263,58,21,21
bin-2264,58,1,1
bin-2265,58,1,1
bin-2266,58,1,1
bin-2267,58,1,1
bin-2268,58,1,1
bin-2269,58,2,2
bin-2270,58,1,1
bin-2271,58,1,1
bin-2272,58,1,1
bin-2273,58,1,1
bin-2274,58,1,1
bin-2275,58,4,4
bin-2276,58,1,1
bin-2277,58,1,1
bin-2278,58,1,1
bin-2279,58,1,1
bin-2312,58,29,29
bin-2313,58,1,1
bin-2314,58,1,1
bin-2315,58,5,5
bin-2316,58,1,1
bin-2317,58,1,1
bin-2318,58,1,1
bin-2319,58,29,29
bin-2320,58,1,1
bin-2321,58,1,1
bin-2322,58,1,1
bin-2323,58,1,1
bin-2324,58,1,1
bin-2325,58,1,1
bin-2326,58,1,1
bin-2327,58,1,1
bin-2328,58,5,5
bin-2362,58,6,6
bin-2363,58,1,1
bin-2364,58,0,0
bin-2365,58,1,1
bin-2366,58,1,1
bin-2367,58,1,1
bin-2368,58,1,1
bin-2369,58,1,1
bin-2370,58,1,1
bin-2371,58,1,1
bin-2372,58,1,1
bin-2373,58,1,1
bin-2374,58,1,1
bin-2375,58,33,33
bin-2376,58,21,21
bin-2377,58,1,1
bin-2413,58,6,6
bin-2414,58,18,18
bin-2415,58,1,1
bin-2416,58,1,1
bin-2417,58,4,4
bin-2418,58,1,1
bin-2419,58,1,1
bin-2420,58,1,1
bin-2421,58,1,1
bin-2422,58,1,1
bin-2423,58,1,1
bin-2424,58,5,5
